    0.0000     0.0000     0.0644     0.0000     0.0000     0.0000     0.0000
    0.0000     0.0000     0.3068     0.0000     0.0000     0.0000     0.0000
    0.0000     0.0000     0.7137     0.0000     0.0000     0.0000     0.0000
    0.0000     0.0000     0.9607     0.0000     0.0000     0.0000     0.0000
    0.0000     0.0000     1.0157     0.0000     0.0000     0.0000     0.0000
    0.0000     0.0000     1.0203     0.0000     0.0000     0.0000     0.0000
    0.0000     0.0000     1.0204     0.0000     0.0000     0.0000     0.0000
    0.0000     0.0000     1.0204     0.0000     0.0000     0.0000     0.0000
    0.0000     0.0000     1.0204     0.0000     0.0000     0.0000     0.0000
    0.0000     0.0000     1.0205     0.0000     0.0000     0.0000     0.0000
    0.0000     0.0000     1.0253     0.0000     0.0000     0.0000     0.0000
    0.0000     0.0000     1.0896     0.0000     0.0000     0.0000     0.0000
    0.0000     0.0000     1.4515     0.0000     0.0000     0.0000     0.0000
    0.0000     0.0000     2.4167     0.0000     0.0000     0.0000     0.0000
    0.0000     0.0000     3.8394     0.0000     0.0000     0.0000     0.0000
    0.0000     0.0000     5.3444     0.0000     0.0000     0.0000     0.0000
    0.0000     0.0000     6.7716     0.0000     0.0000     0.0000     0.0000
    0.0000     0.0000     7.7921     0.0000     0.0000     0.0000     0.0000
    0.0000     0.0000     8.4054     0.0000     0.0000     0.0000     0.0000
    0.0000     0.0000     8.9318     0.0000     0.0000     0.0000     0.0000
    0.0000     0.0000     9.4304     0.0000     0.0000     0.0000     0.0000
    0.0000     0.0000     9.8928     0.0000     0.0000     0.0000     0.0000
    0.0000     0.0000    10.1442     0.0000     0.0000     0.0000     0.0000
    0.0000     0.0000    10.1994     0.0000     0.0000     0.0000     0.0000
    0.0000     0.0000    10.2039     0.0000     0.0000     0.0000     0.0000
    0.0000     0.0000    10.2041     0.0000     0.0000     0.0000     0.0000
    0.0000     0.0000    10.2041     0.0000     0.0000     0.0000     0.0000
    0.0000     0.0000    10.2041     0.0000     0.0000     0.0000     0.0000
    0.0000     0.0000    10.2041     0.0000     0.0000     0.0000     0.0000
    0.0000     0.0000    10.2041     0.0000     0.0000     0.0000     0.0000
    0.0000     0.0000    10.2041     0.0000     0.0000     0.0000     0.0000
    0.0000     0.0000    10.2042     0.0000     0.0000     0.0000     0.0000
    0.0000     0.0000    10.2087     0.0000     0.0000     0.0000     0.0000
    0.0000     0.0000    10.2638     0.0000     0.0000     0.0000     0.0000
    0.0000     0.0000    10.5107     0.0000     0.0000     0.0000     0.0000
    0.0000     0.0000    10.9178     0.0000     0.0000     0.0000     0.0000
    0.0000     0.0000    11.1647     0.0000     0.0000     0.0000     0.0000
    0.0000     0.0000    11.2198     0.0000     0.0000     0.0000     0.0000
    0.0000     0.0000    11.2244     0.0000     0.0000     0.0000     0.0000
    0.0000     0.0000    11.2245     0.0000     0.0000     0.0000     0.0000
    0.0000     0.0000    11.2245     0.0000     0.0000     0.0000     0.0000
    0.0000     0.0000    11.2245     0.0000     0.0000     0.0000     0.0000
    0.0000     0.0000    11.2245     0.0000     0.0000     0.0000     0.0000
    0.0000     0.0000    11.2245     0.0000     0.0000     0.0000     0.0000
    0.0000     0.0000    11.2245     0.0000     0.0000     0.0000     0.0000
    0.0000     0.0000    11.2245     0.0000     0.0000     0.0000     0.0000
    0.0000     0.0000    11.2245     0.0000     0.0000     0.0000     0.0000
    0.0000     0.0000    11.2246     0.0000     0.0000     0.0000     0.0000
    0.0000     0.0000    11.2291     0.0000     0.0000     0.0000     0.0000
    0.0000     0.0000    11.2842     0.0000     0.0000     0.0000     0.0000
    0.0000     0.0000    11.5312     0.0000     0.0000     0.0000     0.0000
    0.0000     0.0000    11.9382     0.0000     0.0000     0.0000     0.0000
    0.0000     0.0000    12.1851     0.0000     0.0000     0.0000     0.0000
    0.0000     0.0000    12.2402     0.0000     0.0000     0.0000     0.0000
    0.0000     0.0000    12.2448     0.0000     0.0000     0.0000     0.0000
    0.0000     0.0000    12.2449     0.0000     0.0000     0.0000     0.0000
    0.0000     0.0000    12.2450     0.0000     0.0000     0.0000     0.0000
    0.0000     0.0000    12.2498     0.0000     0.0000     0.0000     0.0000
    0.0000     0.0000    12.3140     0.0000     0.0000     0.0000     0.0000
    0.0000     0.0000    12.6712     0.0000     0.0000     0.0000     0.0000
    0.0000     0.0000    13.5769     0.0000     0.0000     0.0000     0.0000
    0.0000     0.0000    14.7023     0.0000     0.0000     0.0000     0.0000
    0.0000     0.0000    15.6128     0.0000     0.0000     0.0000     0.0000
    0.0000     0.0000    16.6836     0.0000     0.0000     0.0000     0.0000
    0.0000     0.0000    18.0055     0.0000     0.0000     0.0000     0.0000
    0.0000     0.0000    19.0213     0.0000     0.0000     0.0000     0.0000
    0.0000     0.0000    19.6850     0.0000     0.0000     0.0000     0.0000
    0.0000     0.0000    20.4032     0.0000     0.0000     0.0000     0.0000
    0.0000     0.0000    21.0620     0.0000     0.0000     0.0000     0.0000
    0.0000     0.0000    21.3642     0.0000     0.0000     0.0000     0.0000
    0.0000     0.0000    21.4238     0.0000     0.0000     0.0000     0.0000
    0.0000     0.0000    21.4284     0.0000     0.0000     0.0000     0.0000
    0.0000     0.0000    21.4286     0.0000     0.0000     0.0000     0.0000
    0.0000     0.0000    21.4286     0.0000     0.0000     0.0000     0.0000
    0.0000     0.0000    21.4286     0.0000     0.0000     0.0000     0.0000
    0.0000     0.0000    21.4287     0.0000     0.0000     0.0000     0.0000
    0.0000     0.0000    21.4332     0.0000     0.0000     0.0000     0.0000
    0.0000     0.0000    21.4883     0.0000     0.0000     0.0000     0.0000
    0.0000     0.0000    21.7352     0.0000     0.0000     0.0000     0.0000
    0.0000     0.0000    22.1423     0.0000     0.0000     0.0000     0.0000
    0.0000     0.0000    22.3892     0.0000     0.0000     0.0000     0.0000
    0.0000     0.0000    22.4443     0.0000     0.0000     0.0000     0.0000
    0.0000     0.0000    22.4488     0.0000     0.0000     0.0000     0.0000
    0.0000     0.0000    22.4490     0.0000     0.0000     0.0000     0.0000
    0.0000     0.0000    22.4490     0.0000     0.0000     0.0000     0.0000
    0.0000     0.0000    22.4490     0.0000     0.0000     0.0000     0.0000
    0.0000     0.0000    22.4490     0.0000     0.0000     0.0000     0.0000
    0.0000     0.0000    22.4490     0.0000     0.0000     0.0000     0.0000
    0.0000     0.0000    22.4490     0.0000     0.0000     0.0000     0.0000
    0.0000     0.0000    22.4490     0.0000     0.0000     0.0000     0.0000
    0.0000     0.0000    22.4490     0.0000     0.0000     0.0000     0.0000
    0.0000     0.0000    22.4490     0.0000     0.0000     0.0000     0.0000
    0.0000     0.0000    22.4490     0.0000     0.0000     0.0000     0.0000
    0.0000     0.0000    22.4490     0.0000     0.0000     0.0000     0.0000
    0.0000     0.0000    22.4490     0.0000     0.0000     0.0000     0.0000
    0.0000     0.0000    22.4490     0.0000     0.0000     0.0000     0.0000
    0.0000     0.0000    22.4490     0.0000     0.0000     0.0000     0.0000
    0.0000     0.0000    22.4491     0.0000     0.0000     0.0000     0.0000
    0.0000     0.0000    22.4536     0.0000     0.0000     0.0000     0.0000
    0.0000     0.0000    22.5087     0.0000     0.0000     0.0000     0.0000
    0.0000     0.0000    22.7556     0.0000     0.0000     0.0000     0.0000
    0.0000     0.0000    23.1627     0.0000     0.0000     0.0000     0.0000
    0.0000     0.0000    23.4098     0.0000     0.0000     0.0000     0.0000
    0.0000     0.0000    23.4697     0.0000     0.0000     0.0000     0.0000
    0.0000     0.0000    23.5385     0.0000     0.0000     0.0000     0.0000
    0.0000     0.0000    23.9003     0.0000     0.0000     0.0000     0.0000
    0.0000     0.0000    24.8611     0.0000     0.0000     0.0000     0.0000
    0.0000     0.0000    26.2333     0.0000     0.0000     0.0000     0.0000
    0.0000     0.0000    27.5465     0.0000     0.0000     0.0000     0.0000
    0.0000     0.0000    28.8135     0.0000     0.0000     0.0000     0.0000
    0.0000     0.0000    29.9940     0.0000     0.0000     0.0000     0.0000
    0.0000     0.0000    30.7947     0.0000     0.0000     0.0000     0.0000
    0.0000     0.0000    31.3212     0.0000     0.0000     0.0000     0.0000
    0.0000     0.0000    31.6324     0.0000     0.0000     0.0000     0.0000
    0.0000     0.0000    31.9347     0.0000     0.0000     0.0000     0.0000
    0.0000     0.0000    32.3463     0.0000     0.0000     0.0000     0.0000
    0.0000     0.0000    32.5933     0.0000     0.0000     0.0000     0.0000
    0.0000     0.0000    32.6484     0.0000     0.0000     0.0000     0.0000
    0.0000     0.0000    32.6529     0.0000     0.0000     0.0000     0.0000
    0.0000     0.0000    32.6532     0.0000     0.0000     0.0000     0.0000
    0.0000     0.0000    32.6577     0.0000     0.0000     0.0000     0.0000
    0.0000     0.0000    32.7128     0.0000     0.0000     0.0000     0.0000
    0.0000     0.0000    32.9597     0.0000     0.0000     0.0000     0.0000
    0.0000     0.0000    33.3668     0.0000     0.0000     0.0000     0.0000
    0.0000     0.0000    33.6137     0.0000     0.0000     0.0000     0.0000
    0.0000     0.0000    33.6688     0.0000     0.0000     0.0000     0.0000
    0.0000     0.0000    33.6733     0.0000     0.0000     0.0000     0.0000
    0.0000     0.0000    33.6735     0.0000     0.0000     0.0000     0.0000
    0.0000     0.0000    33.6735     0.0000     0.0000     0.0000     0.0000
    0.0000     0.0000    33.6735     0.0000     0.0000     0.0000     0.0000
    0.0000     0.0000    33.6735     0.0000     0.0000     0.0000     0.0000
    0.0000     0.0000    33.6736     0.0000     0.0000     0.0000     0.0000
    0.0000     0.0000    33.6781     0.0000     0.0000     0.0000     0.0000
    0.0000     0.0000    33.7332     0.0000     0.0000     0.0000     0.0000
    0.0000     0.0000    33.9801     0.0000     0.0000     0.0000     0.0000
    0.0000     0.0000    34.3872     0.0000     0.0000     0.0000     0.0000
    0.0000     0.0000    34.6341     0.0000     0.0000     0.0000     0.0000
    0.0000     0.0000    34.6892     0.0000     0.0000     0.0000     0.0000
    0.0000     0.0000    34.6937     0.0000     0.0000     0.0000     0.0000
    0.0000     0.0000    34.6939     0.0000     0.0000     0.0000     0.0000
    0.0000     0.0000    34.6939     0.0000     0.0000     0.0000     0.0000
    0.0000     0.0000    34.6939     0.0000     0.0000     0.0000     0.0000
    0.0000     0.0000    34.6939     0.0000     0.0000     0.0000     0.0000
    0.0000     0.0000    34.6939     0.0000     0.0000     0.0000     0.0000
    0.0000     0.0000    34.6939     0.0000     0.0000     0.0000     0.0000
    0.0000     0.0000    34.6939     0.0000     0.0000     0.0000     0.0000
    0.0000     0.0000    34.6939     0.0000     0.0000     0.0000     0.0000
    0.0000     0.0000    34.6939     0.0000     0.0000     0.0000     0.0000
    0.0000     0.0000    34.6940     0.0000     0.0000     0.0000     0.0000
    0.0000     0.0000    34.6988     0.0000     0.0000     0.0000     0.0000
    0.0000     0.0000    34.7631     0.0000     0.0000     0.0000     0.0000
    0.0000     0.0000    35.1247     0.0000     0.0000     0.0000     0.0000
    0.0000     0.0000    36.0808     0.0000     0.0000     0.0000     0.0000
    0.0000     0.0000    37.3933     0.0000     0.0000     0.0000     0.0000
    0.0000     0.0000    38.4044     0.0000     0.0000     0.0000     0.0000
    0.0000     0.0000    39.0130     0.0000     0.0000     0.0000     0.0000
    0.0000     0.0000    39.4843     0.0000     0.0000     0.0000     0.0000
    0.0000     0.0000    39.7360     0.0000     0.0000     0.0000     0.0000
    0.0000     0.0000    39.7913     0.0000     0.0000     0.0000     0.0000
    0.0000     0.0000    39.7958     0.0000     0.0000     0.0000     0.0000
    0.0000     0.0000    39.7959     0.0000     0.0000     0.0000     0.0000
    0.0000     0.0000    39.7959     0.0000     0.0000     0.0000     0.0000
    0.0000     0.0000    39.7959     0.0000     0.0000     0.0000     0.0000
    0.0000     0.0000    39.7959     0.0000     0.0000     0.0000     0.0000
    0.0000     0.0000    39.7959     0.0000     0.0000     0.0000     0.0000
    0.0000     0.0000    39.7959     0.0000     0.0000     0.0000     0.0000
    0.0000     0.0000    39.7961     0.0000     0.0000     0.0000     0.0000
    0.0000     0.0000    39.8006     0.0000     0.0000     0.0000     0.0000
    0.0000     0.0000    39.8557     0.0000     0.0000     0.0000     0.0000
    0.0000     0.0000    40.1026     0.0000     0.0000     0.0000     0.0000
    0.0000     0.0000    40.5097     0.0000     0.0000     0.0000     0.0000
    0.0000     0.0000    40.7566     0.0000     0.0000     0.0000     0.0000
    0.0000     0.0000    40.8117     0.0000     0.0000     0.0000     0.0000
    0.0000     0.0000    40.8162     0.0000     0.0000     0.0000     0.0000
    0.0000     0.0000    40.8163     0.0000     0.0000     0.0000     0.0000
    0.0000     0.0000    40.8163     0.0000     0.0000     0.0000     0.0000
    0.0000     0.0000    40.8163     0.0000     0.0000     0.0000     0.0000
    0.0000     0.0000    40.8163     0.0000     0.0000     0.0000     0.0000
    0.0000     0.0000    40.8163     0.0000     0.0000     0.0000     0.0000
    0.0000     0.0000    40.8163     0.0000     0.0000     0.0000     0.0000
    0.0000     0.0000    40.8163     0.0000     0.0000     0.0000     0.0000
    0.0000     0.0000    40.8163     0.0000     0.0000     0.0000     0.0000
    0.0000     0.0000    40.8163     0.0000     0.0000     0.0000     0.0000
    0.0000     0.0000    40.8163     0.0000     0.0000     0.0000     0.0000
    0.0000     0.0000    40.8163     0.0000     0.0000     0.0000     0.0000
    0.0000     0.0000    40.8163     0.0000     0.0000     0.0000     0.0000
    0.0000     0.0000    40.8163     0.0000     0.0000     0.0000     0.0000
    0.0000     0.0000    40.8163     0.0000     0.0000     0.0000     0.0000
    0.0000     0.0000    40.8163     0.0000     0.0000     0.0000     0.0000
    0.0000     0.0000    40.8163     0.0000     0.0000     0.0000     0.0000
    0.0000     0.0000    40.8163     0.0000     0.0000     0.0000     0.0000
    0.0000     0.0000    40.8163     0.0000     0.0000     0.0000     0.0000
    0.0000     0.0000    40.8163     0.0000     0.0000     0.0000     0.0000
    0.0000     0.0000    40.8163     0.0000     0.0000     0.0000     0.0000
    0.0000     0.0000    40.8163     0.0000     0.0000     0.0000     0.0000
    0.0000     0.0000    40.8163     0.0000     0.0000     0.0000     0.0000
    0.0000     0.0000    40.8163     0.0000     0.0000     0.0000     0.0000
    0.0000     0.0000    40.8163     0.0000     0.0000     0.0000     0.0000
    0.0000     0.0000    40.8163     0.0000     0.0000     0.0000     0.0000
    0.0000     0.0000    40.8163     0.0000     0.0000     0.0000     0.0000
    0.0000     0.0000    40.8165     0.0000     0.0000     0.0000     0.0000
    0.0000     0.0000    40.8210     0.0000     0.0000     0.0000     0.0000
    0.0000     0.0000    40.8761     0.0000     0.0000     0.0000     0.0000
    0.0000     0.0000    41.1230     0.0000     0.0000     0.0000     0.0000
    0.0000     0.0000    41.5301     0.0000     0.0000     0.0000     0.0000
    0.0000     0.0000    41.7770     0.0000     0.0000     0.0000     0.0000
    0.0000     0.0000    41.8321     0.0000     0.0000     0.0000     0.0000
    0.0000     0.0000    41.8366     0.0000     0.0000     0.0000     0.0000
    0.0000     0.0000    41.8367     0.0000     0.0000     0.0000     0.0000
    0.0000     0.0000    41.8367     0.0000     0.0000     0.0000     0.0000
    0.0000     0.0000    41.8367     0.0000     0.0000     0.0000     0.0000
    0.0000     0.0000    41.8367     0.0000     0.0000     0.0000     0.0000
    0.0000     0.0000    41.8367     0.0000     0.0000     0.0000     0.0000
    0.0000     0.0000    41.8367     0.0000     0.0000     0.0000     0.0000
    0.0000     0.0000    41.8367     0.0000     0.0000     0.0000     0.0000
    0.0000     0.0000    41.8367     0.0000     0.0000     0.0000     0.0000
    0.0000     0.0000    41.8367     0.0000     0.0000     0.0000     0.0000
    0.0000     0.0000    41.8367     0.0000     0.0000     0.0000     0.0000
    0.0000     0.0000    41.8367     0.0000     0.0000     0.0000     0.0000
    0.0000     0.0000    41.8367     0.0000     0.0000     0.0000     0.0000
    0.0000     0.0000    41.8367     0.0000     0.0000     0.0000     0.0000
    0.0000     0.0000    41.8367     0.0000     0.0000     0.0000     0.0000
    0.0000     0.0000    41.8367     0.0000     0.0000     0.0000     0.0000
    0.0000     0.0000    41.8367     0.0000     0.0000     0.0000     0.0000
    0.0000     0.0000    41.8367     0.0000     0.0000     0.0000     0.0000
    0.0000     0.0000    41.8367     0.0000     0.0000     0.0000     0.0000
    0.0000     0.0000    41.8367     0.0000     0.0000     0.0000     0.0000
    0.0000     0.0000    41.8367     0.0000     0.0000     0.0000     0.0000
    0.0000     0.0000    41.8367     0.0000     0.0000     0.0000     0.0000
    0.0000     0.0000    41.8367     0.0000     0.0000     0.0000     0.0000
    0.0000     0.0000    41.8367     0.0000     0.0000     0.0000     0.0000
    0.0000     0.0000    41.8367     0.0000     0.0000     0.0000     0.0000
    0.0000     0.0000    41.8367     0.0000     0.0000     0.0000     0.0000
    0.0000     0.0000    41.8369     0.0000     0.0000     0.0000     0.0000
    0.0000     0.0000    41.8414     0.0000     0.0000     0.0000     0.0000
    0.0000     0.0000    41.8965     0.0000     0.0000     0.0000     0.0000
    0.0000     0.0000    42.1434     0.0000     0.0000     0.0000     0.0000
    0.0000     0.0000    42.5505     0.0000     0.0000     0.0000     0.0000
    0.0000     0.0000    42.7974     0.0000     0.0000     0.0000     0.0000
    0.0000     0.0000    42.8525     0.0000     0.0000     0.0000     0.0000
    0.0000     0.0000    42.8570     0.0000     0.0000     0.0000     0.0000
    0.0000     0.0000    42.8571     0.0000     0.0000     0.0000     0.0000
    0.0000     0.0000    42.8571     0.0000     0.0000     0.0000     0.0000
    0.0000     0.0000    42.8571     0.0000     0.0000     0.0000     0.0000
    0.0000     0.0000    42.8571     0.0000     0.0000     0.0000     0.0000
    0.0000     0.0000    42.8571     0.0000     0.0000     0.0000     0.0000
    0.0000     0.0000    42.8571     0.0000     0.0000     0.0000     0.0000
    0.0000     0.0000    42.8571     0.0000     0.0000     0.0000     0.0000
    0.0000     0.0000    42.8571     0.0000     0.0000     0.0000     0.0000
    0.0000     0.0000    42.8571     0.0000     0.0000     0.0000     0.0000
    0.0000     0.0000    42.8571     0.0000     0.0000     0.0000     0.0000
    0.0000     0.0000    42.8571     0.0000     0.0000     0.0000     0.0000
    0.0000     0.0000    42.8571     0.0000     0.0000     0.0000     0.0000
    0.0000     0.0000    42.8571     0.0000     0.0000     0.0000     0.0000
    0.0000     0.0000    42.8571     0.0000     0.0000     0.0000     0.0000
    0.0000     0.0000    42.8571     0.0000     0.0000     0.0000     0.0000
    0.0000     0.0000    42.8571     0.0000     0.0000     0.0000     0.0000
    0.0000     0.0000    42.8571     0.0000     0.0000     0.0000     0.0000
    0.0000     0.0000    42.8571     0.0000     0.0000     0.0000     0.0000
    0.0000     0.0000    42.8571     0.0000     0.0000     0.0000     0.0000
    0.0000     0.0000    42.8571     0.0000     0.0000     0.0000     0.0000
    0.0000     0.0000    42.8571     0.0000     0.0000     0.0000     0.0000
    0.0000     0.0000    42.8571     0.0000     0.0000     0.0000     0.0000
    0.0000     0.0000    42.8571     0.0000     0.0000     0.0000     0.0000
    0.0000     0.0000    42.8571     0.0000     0.0000     0.0000     0.0000
    0.0000     0.0000    42.8571     0.0000     0.0000     0.0000     0.0000
    0.0000     0.0000    42.8571     0.0000     0.0000     0.0000     0.0000
    0.0000     0.0000    42.8571     0.0000     0.0000     0.0000     0.0000
    0.0000     0.0000    42.8573     0.0000     0.0000     0.0000     0.0000
    0.0000     0.0000    42.8618     0.0000     0.0000     0.0000     0.0000
    0.0000     0.0000    42.9169     0.0000     0.0000     0.0000     0.0000
    0.0000     0.0000    43.1638     0.0000     0.0000     0.0000     0.0000
    0.0000     0.0000    43.5709     0.0000     0.0000     0.0000     0.0000
    0.0000     0.0000    43.8178     0.0000     0.0000     0.0000     0.0000
    0.0000     0.0000    43.8729     0.0000     0.0000     0.0000     0.0000
    0.0000     0.0000    43.8774     0.0000     0.0000     0.0000     0.0000
    0.0000     0.0000    43.8776     0.0000     0.0000     0.0000     0.0000
    0.0000     0.0000    43.8776     0.0000     0.0000     0.0000     0.0000
    0.0000     0.0000    43.8776     0.0000     0.0000     0.0000     0.0000
    0.0000     0.0000    43.8776     0.0000     0.0000     0.0000     0.0000
    0.0000     0.0000    43.8776     0.0000     0.0000     0.0000     0.0000
    0.0000     0.0000    43.8776     0.0000     0.0000     0.0000     0.0000
    0.0000     0.0000    43.8776     0.0000     0.0000     0.0000     0.0000
    0.0000     0.0000    43.8776     0.0000     0.0000     0.0000     0.0000
    0.0000     0.0000    43.8776     0.0000     0.0000     0.0000     0.0000
    0.0000     0.0000    43.8776     0.0000     0.0000     0.0000     0.0000
    0.0000     0.0000    43.8776     0.0000     0.0000     0.0000     0.0000
    0.0000     0.0000    43.8776     0.0000     0.0000     0.0000     0.0000
    0.0000     0.0000    43.8776     0.0000     0.0000     0.0000     0.0000
    0.0000     0.0000    43.8776     0.0000     0.0000     0.0000     0.0000
    0.0000     0.0000    43.8776     0.0000     0.0000     0.0000     0.0000
    0.0000     0.0000    43.8776     0.0000     0.0000     0.0000     0.0000
    0.0000     0.0000    43.8776     0.0000     0.0000     0.0000     0.0000
    0.0000     0.0000    43.8776     0.0000     0.0000     0.0000     0.0000
    0.0000     0.0000    43.8776     0.0000     0.0000     0.0000     0.0000
    0.0000     0.0000    43.8776     0.0000     0.0000     0.0000     0.0000
    0.0000     0.0000    43.8776     0.0000     0.0000     0.0000     0.0000
    0.0000     0.0000    43.8776     0.0000     0.0000     0.0000     0.0000
    0.0000     0.0000    43.8776     0.0000     0.0000     0.0000     0.0000
    0.0000     0.0000    43.8776     0.0000     0.0000     0.0000     0.0000
    0.0000     0.0000    43.8776     0.0000     0.0000     0.0000     0.0000
    0.0000     0.0000    43.8776     0.0000     0.0000     0.0000     0.0000
    0.0000     0.0000    43.8776     0.0000     0.0000     0.0000     0.0000
    0.0000     0.0000    43.8777     0.0000     0.0000     0.0000     0.0000
    0.0000     0.0000    43.8822     0.0000     0.0000     0.0000     0.0000
    0.0000     0.0000    43.9373     0.0000     0.0000     0.0000     0.0000
    0.0000     0.0000    44.1842     0.0000     0.0000     0.0000     0.0000
    0.0000     0.0000    44.5913     0.0000     0.0000     0.0000     0.0000
    0.0000     0.0000    44.8382     0.0000     0.0000     0.0000     0.0000
    0.0000     0.0000    44.8933     0.0000     0.0000     0.0000     0.0000
    0.0000     0.0000    44.8978     0.0000     0.0000     0.0000     0.0000
    0.0000     0.0000    44.8980     0.0000     0.0000     0.0000     0.0000
    0.0000     0.0000    44.8980     0.0000     0.0000     0.0000     0.0000
    0.0000     0.0000    44.8980     0.0000     0.0000     0.0000     0.0000
    0.0000     0.0000    44.8980     0.0000     0.0000     0.0000     0.0000
    0.0000     0.0000    44.8980     0.0000     0.0000     0.0000     0.0000
    0.0000     0.0000    44.8980     0.0000     0.0000     0.0000     0.0000
    0.0000     0.0000    44.8980     0.0000     0.0000     0.0000     0.0000
    0.0000     0.0000    44.8980     0.0000     0.0000     0.0000     0.0000
    0.0000     0.0000    44.8980     0.0000     0.0000     0.0000     0.0000
    0.0000     0.0000    44.8980     0.0000     0.0000     0.0000     0.0000
    0.0000     0.0000    44.8980     0.0000     0.0000     0.0000     0.0000
    0.0000     0.0000    44.8980     0.0000     0.0000     0.0000     0.0000
    0.0000     0.0000    44.8980     0.0000     0.0000     0.0000     0.0000
    0.0000     0.0000    44.8980     0.0000     0.0000     0.0000     0.0000
    0.0000     0.0000    44.8980     0.0000     0.0000     0.0000     0.0000
    0.0000     0.0000    44.8980     0.0000     0.0000     0.0000     0.0000
    0.0000     0.0000    44.8980     0.0000     0.0000     0.0000     0.0000
    0.0000     0.0000    44.8980     0.0000     0.0000     0.0000     0.0000
    0.0000     0.0000    44.8980     0.0000     0.0000     0.0000     0.0000
    0.0000     0.0000    44.8980     0.0000     0.0000     0.0000     0.0000
    0.0000     0.0000    44.8980     0.0000     0.0000     0.0000     0.0000
    0.0000     0.0000    44.8980     0.0000     0.0000     0.0000     0.0000
    0.0000     0.0000    44.8980     0.0000     0.0000     0.0000     0.0000
    0.0000     0.0000    44.8980     0.0000     0.0000     0.0000     0.0000
    0.0000     0.0000    44.8980     0.0000     0.0000     0.0000     0.0000
    0.0000     0.0000    44.8980     0.0000     0.0000     0.0000     0.0000
    0.0000     0.0000    44.8980     0.0000     0.0000     0.0000     0.0000
    0.0000     0.0000    44.8980     0.0000     0.0000     0.0000     0.0000
    0.0000     0.0000    44.8980     0.0000     0.0000     0.0000     0.0000
    0.0000     0.0000    44.8980     0.0000     0.0000     0.0000     0.0000
    0.0000     0.0000    44.8981     0.0000     0.0000     0.0000     0.0000
    0.0000     0.0000    44.9026     0.0000     0.0000     0.0000     0.0000
    0.0000     0.0000    44.9577     0.0000     0.0000     0.0000     0.0000
    0.0000     0.0000    45.2046     0.0000     0.0000     0.0000     0.0000
    0.0000     0.0000    45.6117     0.0000     0.0000     0.0000     0.0000
    0.0000     0.0000    45.8586     0.0000     0.0000     0.0000     0.0000
    0.0000     0.0000    45.9137     0.0000     0.0000     0.0000     0.0000
    0.0000     0.0000    45.9182     0.0000     0.0000     0.0000     0.0000
    0.0000     0.0000    45.9184     0.0000     0.0000     0.0000     0.0000
    0.0000     0.0000    45.9184     0.0000     0.0000     0.0000     0.0000
    0.0000     0.0000    45.9184     0.0000     0.0000     0.0000     0.0000
    0.0000     0.0000    45.9184     0.0000     0.0000     0.0000     0.0000
    0.0000     0.0000    45.9184     0.0000     0.0000     0.0000     0.0000
    0.0000     0.0000    45.9184     0.0000     0.0000     0.0000     0.0000
    0.0000     0.0000    45.9184     0.0000     0.0000     0.0000     0.0000
    0.0000     0.0000    45.9184     0.0000     0.0000     0.0000     0.0000
    0.0000     0.0000    45.9184     0.0000     0.0000     0.0000     0.0000
    0.0000     0.0000    45.9184     0.0000     0.0000     0.0000     0.0000
    0.0000     0.0000    45.9184     0.0000     0.0000     0.0000     0.0000
    0.0000     0.0000    45.9184     0.0000     0.0000     0.0000     0.0000
    0.0000     0.0000    45.9184     0.0000     0.0000     0.0000     0.0000
    0.0000     0.0000    45.9184     0.0000     0.0000     0.0000     0.0000
    0.0000     0.0000    45.9184     0.0000     0.0000     0.0000     0.0000
    0.0000     0.0000    45.9184     0.0000     0.0000     0.0000     0.0000
    0.0000     0.0000    45.9184     0.0000     0.0000     0.0000     0.0000
    0.0000     0.0000    45.9184     0.0000     0.0000     0.0000     0.0000
    0.0000     0.0000    45.9184     0.0000     0.0000     0.0000     0.0000
    0.0000     0.0000    45.9184     0.0000     0.0000     0.0000     0.0000
    0.0000     0.0000    45.9184     0.0000     0.0000     0.0000     0.0000
    0.0000     0.0000    45.9184     0.0000     0.0000     0.0000     0.0000
    0.0000     0.0000    45.9184     0.0000     0.0000     0.0000     0.0000
    0.0000     0.0000    45.9184     0.0000     0.0000     0.0000     0.0000
    0.0000     0.0000    45.9184     0.0000     0.0000     0.0000     0.0000
    0.0000     0.0000    45.9184     0.0000     0.0000     0.0000     0.0000
    0.0000     0.0000    45.9184     0.0000     0.0000     0.0000     0.0000
    0.0000     0.0000    45.9184     0.0000     0.0000     0.0000     0.0000
    0.0000     0.0000    45.9184     0.0000     0.0000     0.0000     0.0000
    0.0000     0.0000    45.9184     0.0000     0.0000     0.0000     0.0000
    0.0000     0.0000    45.9185     0.0000     0.0000     0.0000     0.0000
    0.0000     0.0000    45.9230     0.0000     0.0000     0.0000     0.0000
    0.0000     0.0000    45.9781     0.0000     0.0000     0.0000     0.0000
    0.0000     0.0000    46.2250     0.0000     0.0000     0.0000     0.0000
    0.0000     0.0000    46.6321     0.0000     0.0000     0.0000     0.0000
    0.0000     0.0000    46.8790     0.0000     0.0000     0.0000     0.0000
    0.0000     0.0000    46.9341     0.0000     0.0000     0.0000     0.0000
    0.0000     0.0000    46.9386     0.0000     0.0000     0.0000     0.0000
    0.0000     0.0000    46.9388     0.0000     0.0000     0.0000     0.0000
    0.0000     0.0000    46.9388     0.0000     0.0000     0.0000     0.0000
    0.0000     0.0000    46.9388     0.0000     0.0000     0.0000     0.0000
    0.0000     0.0000    46.9388     0.0000     0.0000     0.0000     0.0000
    0.0000     0.0000    46.9388     0.0000     0.0000     0.0000     0.0000
    0.0000     0.0000    46.9388     0.0000     0.0000     0.0000     0.0000
    0.0000     0.0000    46.9388     0.0000     0.0000     0.0000     0.0000
    0.0000     0.0000    46.9388     0.0000     0.0000     0.0000     0.0000
    0.0000     0.0000    46.9388     0.0000     0.0000     0.0000     0.0000
    0.0000     0.0000    46.9388     0.0000     0.0000     0.0000     0.0000
    0.0000     0.0000    46.9388     0.0000     0.0000     0.0000     0.0000
    0.0000     0.0000    46.9388     0.0000     0.0000     0.0000     0.0000
    0.0000     0.0000    46.9388     0.0000     0.0000     0.0000     0.0000
    0.0000     0.0000    46.9388     0.0000     0.0000     0.0000     0.0000
    0.0000     0.0000    46.9388     0.0000     0.0000     0.0000     0.0000
    0.0000     0.0000    46.9388     0.0000     0.0000     0.0000     0.0000
    0.0000     0.0000    46.9388     0.0000     0.0000     0.0000     0.0000
    0.0000     0.0000    46.9388     0.0000     0.0000     0.0000     0.0000
    0.0000     0.0000    46.9388     0.0000     0.0000     0.0000     0.0000
    0.0000     0.0000    46.9388     0.0000     0.0000     0.0000     0.0000
    0.0000     0.0000    46.9388     0.0000     0.0000     0.0000     0.0000
    0.0000     0.0000    46.9388     0.0000     0.0000     0.0000     0.0000
    0.0000     0.0000    46.9388     0.0000     0.0000     0.0000     0.0000
    0.0000     0.0000    46.9388     0.0000     0.0000     0.0000     0.0000
    0.0000     0.0000    46.9389     0.0000     0.0000     0.0000     0.0000
    0.0000     0.0000    46.9434     0.0000     0.0000     0.0000     0.0000
    0.0000     0.0000    46.9985     0.0000     0.0000     0.0000     0.0000
    0.0000     0.0000    47.2454     0.0000     0.0000     0.0000     0.0000
    0.0000     0.0000    47.6525     0.0000     0.0000     0.0000     0.0000
    0.0000     0.0000    47.8994     0.0000     0.0000     0.0000     0.0000
    0.0000     0.0000    47.9545     0.0000     0.0000     0.0000     0.0000
    0.0000     0.0000    47.9590     0.0000     0.0000     0.0000     0.0000
    0.0000     0.0000    47.9592     0.0000     0.0000     0.0000     0.0000
    0.0000     0.0000    47.9592     0.0000     0.0000     0.0000     0.0000
    0.0000     0.0000    47.9592     0.0000     0.0000     0.0000     0.0000
    0.0000     0.0000    47.9592     0.0000     0.0000     0.0000     0.0000
    0.0000     0.0000    47.9592     0.0000     0.0000     0.0000     0.0000
    0.0000     0.0000    47.9592     0.0000     0.0000     0.0000     0.0000
    0.0000     0.0000    47.9592     0.0000     0.0000     0.0000     0.0000
    0.0000     0.0000    47.9592     0.0000     0.0000     0.0000     0.0000
    0.0000     0.0000    47.9592     0.0000     0.0000     0.0000     0.0000
    0.0000     0.0000    47.9592     0.0000     0.0000     0.0000     0.0000
    0.0000     0.0000    47.9592     0.0000     0.0000     0.0000     0.0000
    0.0000     0.0000    47.9592     0.0000     0.0000     0.0000     0.0000
    0.0000     0.0000    47.9593     0.0000     0.0000     0.0000     0.0000
    0.0000     0.0000    47.9638     0.0000     0.0000     0.0000     0.0000
    0.0000     0.0000    48.0192     0.0000     0.0000     0.0000     0.0000
    0.0000     0.0000    48.2753     0.0000     0.0000     0.0000     0.0000
    0.0000     0.0000    48.7971     0.0000     0.0000     0.0000     0.0000
    0.0000     0.0000    49.5931     0.0000     0.0000     0.0000     0.0000
    0.0000     0.0000    50.7137     0.0000     0.0000     0.0000     0.0000
    0.0000     0.0000    51.6743     0.0000     0.0000     0.0000     0.0000
    0.0000     0.0000    52.2784     0.0000     0.0000     0.0000     0.0000
    0.0000     0.0000    52.7498     0.0000     0.0000     0.0000     0.0000
    0.0000     0.0000    53.0060     0.0000     0.0000     0.0000     0.0000
    0.0000     0.0000    53.1163     0.0000     0.0000     0.0000     0.0000
    0.0000     0.0000    53.3677     0.0000     0.0000     0.0000     0.0000
    0.0000     0.0000    53.7750     0.0000     0.0000     0.0000     0.0000
    0.0000     0.0000    54.0219     0.0000     0.0000     0.0000     0.0000
    0.0000     0.0000    54.0770     0.0000     0.0000     0.0000     0.0000
    0.0000     0.0000    54.0815     0.0000     0.0000     0.0000     0.0000
    0.0000     0.0000    54.0816     0.0000     0.0000     0.0000     0.0000
    0.0000     0.0000    54.0816     0.0000     0.0000     0.0000     0.0000
    0.0000     0.0000    54.0816     0.0000     0.0000     0.0000     0.0000
    0.0000     0.0000    54.0816     0.0000     0.0000     0.0000     0.0000
    0.0000     0.0000    54.0816     0.0000     0.0000     0.0000     0.0000
    0.0000     0.0000    54.0818     0.0000     0.0000     0.0000     0.0000
    0.0000     0.0000    54.0863     0.0000     0.0000     0.0000     0.0000
    0.0000     0.0000    54.1414     0.0000     0.0000     0.0000     0.0000
    0.0000     0.0000    54.3883     0.0000     0.0000     0.0000     0.0000
    0.0000     0.0000    54.7954     0.0000     0.0000     0.0000     0.0000
    0.0000     0.0000    55.0423     0.0000     0.0000     0.0000     0.0000
    0.0000     0.0000    55.0974     0.0000     0.0000     0.0000     0.0000
    0.0000     0.0000    55.1019     0.0000     0.0000     0.0000     0.0000
    0.0000     0.0000    55.1020     0.0000     0.0000     0.0000     0.0000
    0.0000     0.0000    55.1020     0.0000     0.0000     0.0000     0.0000
    0.0000     0.0000    55.1020     0.0000     0.0000     0.0000     0.0000
    0.0000     0.0000    55.1020     0.0000     0.0000     0.0000     0.0000
    0.0000     0.0000    55.1020     0.0000     0.0000     0.0000     0.0000
    0.0000     0.0000    55.1022     0.0000     0.0000     0.0000     0.0000
    0.0000     0.0000    55.1067     0.0000     0.0000     0.0000     0.0000
    0.0000     0.0000    55.1618     0.0000     0.0000     0.0000     0.0000
    0.0000     0.0000    55.4087     0.0000     0.0000     0.0000     0.0000
    0.0000     0.0000    55.8158     0.0000     0.0000     0.0000     0.0000
    0.0000     0.0000    56.0627     0.0000     0.0000     0.0000     0.0000
    0.0000     0.0000    56.1178     0.0000     0.0000     0.0000     0.0000
    0.0000     0.0000    56.1223     0.0000     0.0000     0.0000     0.0000
    0.0000     0.0000    56.1224     0.0000     0.0000     0.0000     0.0000
    0.0000     0.0000    56.1224     0.0000     0.0000     0.0000     0.0000
    0.0000     0.0000    56.1227     0.0000     0.0000     0.0000     0.0000
    0.0000     0.0000    56.1319     0.0000     0.0000     0.0000     0.0000
    0.0000     0.0000    56.2469     0.0000     0.0000     0.0000     0.0000
    0.0000     0.0000    56.8050     0.0000     0.0000     0.0000     0.0000
    0.0000     0.0000    57.9809     0.0000     0.0000     0.0000     0.0000
    0.0000     0.0000    59.4352     0.0000     0.0000     0.0000     0.0000
    0.0000     0.0000    60.9086     0.0000     0.0000     0.0000     0.0000
    0.0000     0.0000    62.1251     0.0000     0.0000     0.0000     0.0000
    0.0000     0.0000    62.9492     0.0000     0.0000     0.0000     0.0000
    0.0000     0.0000    63.5074     0.0000     0.0000     0.0000     0.0000
    0.0000     0.0000    63.9789     0.0000     0.0000     0.0000     0.0000
    0.0000     0.0000    64.2856     0.0000     0.0000     0.0000     0.0000
    0.0000     0.0000    64.5877     0.0000     0.0000     0.0000     0.0000
    0.0000     0.0000    64.9993     0.0000     0.0000     0.0000     0.0000
    0.0000     0.0000    65.2464     0.0000     0.0000     0.0000     0.0000
    0.0000     0.0000    65.3015     0.0000     0.0000     0.0000     0.0000
    0.0000     0.0000    65.3060     0.0000     0.0000     0.0000     0.0000
    0.0000     0.0000    65.3063     0.0000     0.0000     0.0000     0.0000
    0.0000     0.0000    65.3108     0.0000     0.0000     0.0000     0.0000
    0.0000     0.0000    65.3659     0.0000     0.0000     0.0000     0.0000
    0.0000     0.0000    65.6128     0.0000     0.0000     0.0000     0.0000
    0.0000     0.0000    66.0199     0.0000     0.0000     0.0000     0.0000
    0.0000     0.0000    66.2668     0.0000     0.0000     0.0000     0.0000
    0.0000     0.0000    66.3219     0.0000     0.0000     0.0000     0.0000
    0.0000     0.0000    66.3264     0.0000     0.0000     0.0000     0.0000
    0.0000     0.0000    66.3265     0.0000     0.0000     0.0000     0.0000
    0.0000     0.0000    66.3265     0.0000     0.0000     0.0000     0.0000
    0.0000     0.0000    66.3265     0.0000     0.0000     0.0000     0.0000
    0.0000     0.0000    66.3267     0.0000     0.0000     0.0000     0.0000
    0.0000     0.0000    66.3312     0.0000     0.0000     0.0000     0.0000
    0.0000     0.0000    66.3863     0.0000     0.0000     0.0000     0.0000
    0.0000     0.0000    66.6332     0.0000     0.0000     0.0000     0.0000
    0.0000     0.0000    67.0403     0.0000     0.0000     0.0000     0.0000
    0.0000     0.0000    67.2872     0.0000     0.0000     0.0000     0.0000
    0.0000     0.0000    67.3423     0.0000     0.0000     0.0000     0.0000
    0.0000     0.0000    67.3468     0.0000     0.0000     0.0000     0.0000
    0.0000     0.0000    67.3469     0.0000     0.0000     0.0000     0.0000
    0.0000     0.0000    67.3469     0.0000     0.0000     0.0000     0.0000
    0.0000     0.0000    67.3469     0.0000     0.0000     0.0000     0.0000
    0.0000     0.0000    67.3469     0.0000     0.0000     0.0000     0.0000
    0.0000     0.0000    67.3469     0.0000     0.0000     0.0000     0.0000
    0.0000     0.0000    67.3469     0.0000     0.0000     0.0000     0.0000
    0.0000     0.0000    67.3469     0.0000     0.0000     0.0000     0.0000
    0.0000     0.0000    67.3469     0.0000     0.0000     0.0000     0.0000
    0.0000     0.0000    67.3469     0.0000     0.0000     0.0000     0.0000
    0.0000     0.0000    67.3471     0.0000     0.0000     0.0000     0.0000
    0.0000     0.0000    67.3516     0.0000     0.0000     0.0000     0.0000
    0.0000     0.0000    67.4071     0.0000     0.0000     0.0000     0.0000
    0.0000     0.0000    67.6676     0.0000     0.0000     0.0000     0.0000
    0.0000     0.0000    68.2402     0.0000     0.0000     0.0000     0.0000
    0.0000     0.0000    69.2370     0.0000     0.0000     0.0000     0.0000
    0.0000     0.0000    70.6281     0.0000     0.0000     0.0000     0.0000
    0.0000     0.0000    71.9224     0.0000     0.0000     0.0000     0.0000
    0.0000     0.0000    73.1535     0.0000     0.0000     0.0000     0.0000
    0.0000     0.0000    74.1276     0.0000     0.0000     0.0000     0.0000
    0.0000     0.0000    74.7871     0.0000     0.0000     0.0000     0.0000
    0.0000     0.0000    75.5053     0.0000     0.0000     0.0000     0.0000
    0.0000     0.0000    76.1641     0.0000     0.0000     0.0000     0.0000
    0.0000     0.0000    76.4662     0.0000     0.0000     0.0000     0.0000
    0.0000     0.0000    76.5258     0.0000     0.0000     0.0000     0.0000
    0.0000     0.0000    76.5305     0.0000     0.0000     0.0000     0.0000
    0.0000     0.0000    76.5306     0.0000     0.0000     0.0000     0.0000
    0.0000     0.0000    76.5306     0.0000     0.0000     0.0000     0.0000
    0.0000     0.0000    76.5306     0.0000     0.0000     0.0000     0.0000
    0.0000     0.0000    76.5306     0.0000     0.0000     0.0000     0.0000
    0.0000     0.0000    76.5306     0.0000     0.0000     0.0000     0.0000
    0.0000     0.0000    76.5306     0.0000     0.0000     0.0000     0.0000
    0.0000     0.0000    76.5307     0.0000     0.0000     0.0000     0.0000
    0.0000     0.0000    76.5353     0.0000     0.0000     0.0000     0.0000
    0.0000     0.0000    76.5904     0.0000     0.0000     0.0000     0.0000
    0.0000     0.0000    76.8373     0.0000     0.0000     0.0000     0.0000
    0.0000     0.0000    77.2444     0.0000     0.0000     0.0000     0.0000
    0.0000     0.0000    77.4913     0.0000     0.0000     0.0000     0.0000
    0.0000     0.0000    77.5464     0.0000     0.0000     0.0000     0.0000
    0.0000     0.0000    77.5509     0.0000     0.0000     0.0000     0.0000
    0.0000     0.0000    77.5510     0.0000     0.0000     0.0000     0.0000
    0.0000     0.0000    77.5510     0.0000     0.0000     0.0000     0.0000
    0.0000     0.0000    77.5510     0.0000     0.0000     0.0000     0.0000
    0.0000     0.0000    77.5510     0.0000     0.0000     0.0000     0.0000
    0.0000     0.0000    77.5510     0.0000     0.0000     0.0000     0.0000
    0.0000     0.0000    77.5510     0.0000     0.0000     0.0000     0.0000
    0.0000     0.0000    77.5510     0.0000     0.0000     0.0000     0.0000
    0.0000     0.0000    77.5510     0.0000     0.0000     0.0000     0.0000
    0.0000     0.0000    77.5510     0.0000     0.0000     0.0000     0.0000
    0.0000     0.0000    77.5510     0.0000     0.0000     0.0000     0.0000
    0.0000     0.0000    77.5512     0.0000     0.0000     0.0000     0.0000
    0.0000     0.0000    77.5557     0.0000     0.0000     0.0000     0.0000
    0.0000     0.0000    77.6108     0.0000     0.0000     0.0000     0.0000
    0.0000     0.0000    77.8577     0.0000     0.0000     0.0000     0.0000
    0.0000     0.0000    78.2648     0.0000     0.0000     0.0000     0.0000
    0.0000     0.0000    78.5117     0.0000     0.0000     0.0000     0.0000
    0.0000     0.0000    78.5668     0.0000     0.0000     0.0000     0.0000
    0.0000     0.0000    78.5713     0.0000     0.0000     0.0000     0.0000
    0.0000     0.0000    78.5717     0.0000     0.0000     0.0000     0.0000
    0.0000     0.0000    78.5809     0.0000     0.0000     0.0000     0.0000
    0.0000     0.0000    78.6956     0.0000     0.0000     0.0000     0.0000
    0.0000     0.0000    79.2448     0.0000     0.0000     0.0000     0.0000
    0.0000     0.0000    80.3150     0.0000     0.0000     0.0000     0.0000
    0.0000     0.0000    81.3308     0.0000     0.0000     0.0000     0.0000
    0.0000     0.0000    82.2413     0.0000     0.0000     0.0000     0.0000
    0.0000     0.0000    83.4218     0.0000     0.0000     0.0000     0.0000
    0.0000     0.0000    84.5789     0.0000     0.0000     0.0000     0.0000
    0.0000     0.0000    85.3983     0.0000     0.0000     0.0000     0.0000
    0.0000     0.0000    85.9563     0.0000     0.0000     0.0000     0.0000
    0.0000     0.0000    86.4232     0.0000     0.0000     0.0000     0.0000
    0.0000     0.0000    86.6749     0.0000     0.0000     0.0000     0.0000
    0.0000     0.0000    86.7347     0.0000     0.0000     0.0000     0.0000
    0.0000     0.0000    86.7943     0.0000     0.0000     0.0000     0.0000
    0.0000     0.0000    87.0414     0.0000     0.0000     0.0000     0.0000
    0.0000     0.0000    87.4484     0.0000     0.0000     0.0000     0.0000
    0.0000     0.0000    87.6954     0.0000     0.0000     0.0000     0.0000
    0.0000     0.0000    87.7504     0.0000     0.0000     0.0000     0.0000
    0.0000     0.0000    87.7550     0.0000     0.0000     0.0000     0.0000
    0.0000     0.0000    87.7551     0.0000     0.0000     0.0000     0.0000
    0.0000     0.0000    87.7551     0.0000     0.0000     0.0000     0.0000
    0.0000     0.0000    87.7551     0.0000     0.0000     0.0000     0.0000
    0.0000     0.0000    87.7551     0.0000     0.0000     0.0000     0.0000
    0.0000     0.0000    87.7551     0.0000     0.0000     0.0000     0.0000
    0.0000     0.0000    87.7552     0.0000     0.0000     0.0000     0.0000
    0.0000     0.0000    87.7598     0.0000     0.0000     0.0000     0.0000
    0.0000     0.0000    87.8149     0.0000     0.0000     0.0000     0.0000
    0.0000     0.0000    88.0618     0.0000     0.0000     0.0000     0.0000
    0.0000     0.0000    88.4688     0.0000     0.0000     0.0000     0.0000
    0.0000     0.0000    88.7158     0.0000     0.0000     0.0000     0.0000
    0.0000     0.0000    88.7709     0.0000     0.0000     0.0000     0.0000
    0.0000     0.0000    88.7754     0.0000     0.0000     0.0000     0.0000
    0.0000     0.0000    88.7755     0.0000     0.0000     0.0000     0.0000
    0.0000     0.0000    88.7755     0.0000     0.0000     0.0000     0.0000
    0.0000     0.0000    88.7755     0.0000     0.0000     0.0000     0.0000
    0.0000     0.0000    88.7755     0.0000     0.0000     0.0000     0.0000
    0.0000     0.0000    88.7755     0.0000     0.0000     0.0000     0.0000
    0.0000     0.0000    88.7755     0.0000     0.0000     0.0000     0.0000
    0.0000     0.0000    88.7755     0.0000     0.0000     0.0000     0.0000
    0.0000     0.0000    88.7755     0.0000     0.0000     0.0000     0.0000
    0.0000     0.0000    88.7756     0.0000     0.0000     0.0000     0.0000
    0.0000     0.0000    88.7802     0.0000     0.0000     0.0000     0.0000
    0.0000     0.0000    88.8353     0.0000     0.0000     0.0000     0.0000
    0.0000     0.0000    89.0822     0.0000     0.0000     0.0000     0.0000
    0.0000     0.0000    89.4893     0.0000     0.0000     0.0000     0.0000
    0.0000     0.0000    89.7363     0.0000     0.0000     0.0000     0.0000
    0.0000     0.0000    89.7962     0.0000     0.0000     0.0000     0.0000
    0.0000     0.0000    89.8649     0.0000     0.0000     0.0000     0.0000
    0.0000     0.0000    90.2222     0.0000     0.0000     0.0000     0.0000
    0.0000     0.0000    91.1276     0.0000     0.0000     0.0000     0.0000
    0.0000     0.0000    92.2438     0.0000     0.0000     0.0000     0.0000
    0.0000     0.0000    93.0396     0.0000     0.0000     0.0000     0.0000
    0.0000     0.0000    93.5614     0.0000     0.0000     0.0000     0.0000
    0.0000     0.0000    93.8177     0.0000     0.0000     0.0000     0.0000
    0.0000     0.0000    93.8776     0.0000     0.0000     0.0000     0.0000
    0.0000     0.0000    93.9372     0.0000     0.0000     0.0000     0.0000
    0.0000     0.0000    94.1842     0.0000     0.0000     0.0000     0.0000
    0.0000     0.0000    94.5913     0.0000     0.0000     0.0000     0.0000
    0.0000     0.0000    94.8382     0.0000     0.0000     0.0000     0.0000
    0.0000     0.0000    94.8933     0.0000     0.0000     0.0000     0.0000
    0.0000     0.0000    94.8978     0.0000     0.0000     0.0000     0.0000
    0.0000     0.0000    94.8980     0.0000     0.0000     0.0000     0.0000
    0.0000     0.0000    94.8980     0.0000     0.0000     0.0000     0.0000
    0.0000     0.0000    94.8980     0.0000     0.0000     0.0000     0.0000
    0.0000     0.0000    94.8980     0.0000     0.0000     0.0000     0.0000
    0.0000     0.0000    94.8980     0.0000     0.0000     0.0000     0.0000
    0.0000     0.0000    94.8980     0.0000     0.0000     0.0000     0.0000
    0.0000     0.0000    94.8980     0.0000     0.0000     0.0000     0.0000
    0.0000     0.0000    94.8980     0.0000     0.0000     0.0000     0.0000
    0.0000     0.0000    94.8980     0.0000     0.0000     0.0000     0.0000
    0.0000     0.0000    94.8980     0.0000     0.0000     0.0000     0.0000
    0.0000     0.0000    94.8980     0.0000     0.0000     0.0000     0.0000
    0.0000     0.0000    94.8980     0.0000     0.0000     0.0000     0.0000
    0.0000     0.0000    94.8980     0.0000     0.0000     0.0000     0.0000
    0.0000     0.0000    94.8980     0.0000     0.0000     0.0000     0.0000
    0.0000     0.0000    94.8980     0.0000     0.0000     0.0000     0.0000
    0.0000     0.0000    94.8980     0.0000     0.0000     0.0000     0.0000
    0.0000     0.0000    94.8980     0.0000     0.0000     0.0000     0.0000
    0.0000     0.0000    94.8980     0.0000     0.0000     0.0000     0.0000
    0.0000     0.0000    94.8980     0.0000     0.0000     0.0000     0.0000
    0.0000     0.0000    94.8980     0.0000     0.0000     0.0000     0.0000
    0.0000     0.0000    94.8980     0.0000     0.0000     0.0000     0.0000
    0.0000     0.0000    94.8980     0.0000     0.0000     0.0000     0.0000
    0.0000     0.0000    94.8981     0.0000     0.0000     0.0000     0.0000
    0.0000     0.0000    94.9026     0.0000     0.0000     0.0000     0.0000
    0.0000     0.0000    94.9577     0.0000     0.0000     0.0000     0.0000
    0.0000     0.0000    95.2046     0.0000     0.0000     0.0000     0.0000
    0.0000     0.0000    95.6117     0.0000     0.0000     0.0000     0.0000
    0.0000     0.0000    95.8586     0.0000     0.0000     0.0000     0.0000
    0.0000     0.0000    95.9137     0.0000     0.0000     0.0000     0.0000
    0.0000     0.0000    95.9182     0.0000     0.0000     0.0000     0.0000
    0.0000     0.0000    95.9184     0.0000     0.0000     0.0000     0.0000
    0.0000     0.0000    95.9184     0.0000     0.0000     0.0000     0.0000
    0.0000     0.0000    95.9184     0.0000     0.0000     0.0000     0.0000
    0.0000     0.0000    95.9184     0.0000     0.0000     0.0000     0.0000
    0.0000     0.0000    95.9184     0.0000     0.0000     0.0000     0.0000
    0.0000     0.0000    95.9184     0.0000     0.0000     0.0000     0.0000
    0.0000     0.0000    95.9184     0.0000     0.0000     0.0000     0.0000
    0.0000     0.0000    95.9184     0.0000     0.0000     0.0000     0.0000
    0.0000     0.0000    95.9184     0.0000     0.0000     0.0000     0.0000
    0.0000     0.0000    95.9184     0.0000     0.0000     0.0000     0.0000
    0.0000     0.0000    95.9184     0.0000     0.0000     0.0000     0.0000
    0.0000     0.0000    95.9184     0.0000     0.0000     0.0000     0.0000
    0.0000     0.0000    95.9184     0.0000     0.0000     0.0000     0.0000
    0.0000     0.0000    95.9184     0.0000     0.0000     0.0000     0.0000
    0.0000     0.0000    95.9184     0.0000     0.0000     0.0000     0.0000
    0.0000     0.0000    95.9184     0.0000     0.0000     0.0000     0.0000
    0.0000     0.0000    95.9184     0.0000     0.0000     0.0000     0.0000
    0.0000     0.0000    95.9184     0.0000     0.0000     0.0000     0.0000
    0.0000     0.0000    95.9184     0.0000     0.0000     0.0000     0.0000
    0.0000     0.0000    95.9184     0.0000     0.0000     0.0000     0.0000
    0.0000     0.0000    95.9184     0.0000     0.0000     0.0000     0.0000
    0.0000     0.0000    95.9184     0.0000     0.0000     0.0000     0.0000
    0.0000     0.0000    95.9184     0.0000     0.0000     0.0000     0.0000
    0.0000     0.0000    95.9184     0.0000     0.0000     0.0000     0.0000
    0.0000     0.0000    95.9184     0.0000     0.0000     0.0000     0.0000
    0.0000     0.0000    95.9184     0.0000     0.0000     0.0000     0.0000
    0.0000     0.0000    95.9184     0.0000     0.0000     0.0000     0.0000
    0.0000     0.0000    95.9185     0.0000     0.0000     0.0000     0.0000
    0.0000     0.0000    95.9230     0.0000     0.0000     0.0000     0.0000
    0.0000     0.0000    95.9781     0.0000     0.0000     0.0000     0.0000
    0.0000     0.0000    96.2250     0.0000     0.0000     0.0000     0.0000
    0.0000     0.0000    96.6321     0.0000     0.0000     0.0000     0.0000
    0.0000     0.0000    96.8790     0.0000     0.0000     0.0000     0.0000
    0.0000     0.0000    96.9341     0.0000     0.0000     0.0000     0.0000
    0.0000     0.0000    96.9386     0.0000     0.0000     0.0000     0.0000
    0.0000     0.0000    96.9388     0.0000     0.0000     0.0000     0.0000
    0.0000     0.0000    96.9388     0.0000     0.0000     0.0000     0.0000
    0.0000     0.0000    96.9388     0.0000     0.0000     0.0000     0.0000
    0.0000     0.0000    96.9388     0.0000     0.0000     0.0000     0.0000
    0.0000     0.0000    96.9388     0.0000     0.0000     0.0000     0.0000
    0.0000     0.0000    96.9388     0.0000     0.0000     0.0000     0.0000
    0.0000     0.0000    96.9388     0.0000     0.0000     0.0000     0.0000
    0.0000     0.0000    96.9388     0.0000     0.0000     0.0000     0.0000
    0.0000     0.0000    96.9388     0.0000     0.0000     0.0000     0.0000
    0.0000     0.0000    96.9388     0.0000     0.0000     0.0000     0.0000
    0.0000     0.0000    96.9388     0.0000     0.0000     0.0000     0.0000
    0.0000     0.0000    96.9388     0.0000     0.0000     0.0000     0.0000
    0.0000     0.0000    96.9388     0.0000     0.0000     0.0000     0.0000
    0.0000     0.0000    96.9388     0.0000     0.0000     0.0000     0.0000
    0.0000     0.0000    96.9388     0.0000     0.0000     0.0000     0.0000
    0.0000     0.0000    96.9388     0.0000     0.0000     0.0000     0.0000
    0.0000     0.0000    96.9388     0.0000     0.0000     0.0000     0.0000
    0.0000     0.0000    96.9388     0.0000     0.0000     0.0000     0.0000
    0.0000     0.0000    96.9388     0.0000     0.0000     0.0000     0.0000
    0.0000     0.0000    96.9388     0.0000     0.0000     0.0000     0.0000
    0.0000     0.0000    96.9388     0.0000     0.0000     0.0000     0.0000
    0.0000     0.0000    96.9388     0.0000     0.0000     0.0000     0.0000
    0.0000     0.0000    96.9388     0.0000     0.0000     0.0000     0.0000
    0.0000     0.0000    96.9388     0.0000     0.0000     0.0000     0.0000
    0.0000     0.0000    96.9388     0.0000     0.0000     0.0000     0.0000
    0.0000     0.0000    96.9388     0.0000     0.0000     0.0000     0.0000
    0.0000     0.0000    96.9388     0.0000     0.0000     0.0000     0.0000
    0.0000     0.0000    96.9388     0.0000     0.0000     0.0000     0.0000
    0.0000     0.0000    96.9389     0.0000     0.0000     0.0000     0.0000
    0.0000     0.0000    96.9434     0.0000     0.0000     0.0000     0.0000
    0.0000     0.0000    96.9985     0.0000     0.0000     0.0000     0.0000
    0.0000     0.0000    97.2454     0.0000     0.0000     0.0000     0.0000
    0.0000     0.0000    97.6525     0.0000     0.0000     0.0000     0.0000
    0.0000     0.0000    97.8994     0.0000     0.0000     0.0000     0.0000
    0.0000     0.0000    97.9545     0.0000     0.0000     0.0000     0.0000
    0.0000     0.0000    97.9590     0.0000     0.0000     0.0000     0.0000
    0.0000     0.0000    97.9592     0.0000     0.0000     0.0000     0.0000
    0.0000     0.0000    97.9592     0.0000     0.0000     0.0000     0.0000
    0.0000     0.0000    97.9592     0.0000     0.0000     0.0000     0.0000
    0.0000     0.0000    97.9592     0.0000     0.0000     0.0000     0.0000
    0.0000     0.0000    97.9592     0.0000     0.0000     0.0000     0.0000
    0.0000     0.0000    97.9592     0.0000     0.0000     0.0000     0.0000
    0.0000     0.0000    97.9592     0.0000     0.0000     0.0000     0.0000
    0.0000     0.0000    97.9592     0.0000     0.0000     0.0000     0.0000
    0.0000     0.0000    97.9592     0.0000     0.0000     0.0000     0.0000
    0.0000     0.0000    97.9592     0.0000     0.0000     0.0000     0.0000
    0.0000     0.0000    97.9592     0.0000     0.0000     0.0000     0.0000
    0.0000     0.0000    97.9592     0.0000     0.0000     0.0000     0.0000
    0.0000     0.0000    97.9593     0.0000     0.0000     0.0000     0.0000
    0.0000     0.0000    97.9638     0.0000     0.0000     0.0000     0.0000
    0.0000     0.0000    98.0189     0.0000     0.0000     0.0000     0.0000
    0.0000     0.0000    98.2658     0.0000     0.0000     0.0000     0.0000
    0.0000     0.0000    98.6729     0.0000     0.0000     0.0000     0.0000
    0.0000     0.0000    98.9198     0.0000     0.0000     0.0000     0.0045
    0.0000     0.0000    98.9749     0.0000     0.0000     0.0000     0.1522
    0.0000     0.0000    98.9795     0.0000     0.0000     0.0000     1.9519
    0.0000     0.0000    98.9796     0.0000     0.0000     0.0000    10.0176
    0.0000     0.0000    98.9796     0.0000     0.0000     0.0000    23.3157
    0.0000     0.0000    98.9796     0.0000     0.0000     0.0000    31.3814
    0.0000     0.0000    98.9796     0.0000     0.0000     0.0000    33.1811
    0.0000     0.0000    98.9796     0.0000     0.0000     0.0000    33.3289
    0.0000     0.0000    98.9796     0.0000     0.0000     0.0000    33.3333
    0.0000     0.0000    98.9796     0.0000     0.0000     0.0000    33.3333
    0.0000     0.0000    98.9796     0.0000     0.0000     0.0000    33.3333
    0.0000     0.0000    98.9796     0.0000     0.0000     0.0000    33.3333
    0.0000     0.0000    98.9796     0.0000     0.0000     0.0000    33.3333
    0.0000     0.0000    98.9796     0.0000     0.0000     0.0000    33.3333
    0.0000     0.0000    98.9796     0.0000     0.0000     0.0000    33.3333
    0.0000     0.0000    98.9796     0.0000     0.0000     0.0000    33.3333
    0.0000     0.0000    98.9796     0.0000     0.0000     0.0000    33.3333
    0.0000     0.0000    98.9796     0.0000     0.0000     0.0000    33.3333
    0.0000     0.0000    98.9796     0.0000     0.0000     0.0000    33.3333
    0.0000     0.0000    98.9796     0.0000     0.0000     0.0000    33.3333
    0.0000     0.0000    98.9796     0.0000     0.0000     0.0000    33.3333
    0.0000     0.0000    98.9796     0.0000     0.0000     0.0000    33.3333
    0.0000     0.0000    98.9796     0.0000     0.0000     0.0000    33.3333
    0.0000     0.0000    98.9796     0.0000     0.0000     0.0000    33.3333
    0.0000     0.0000    98.9796     0.0000     0.0000     0.0000    33.3333
    0.0000     0.0000    98.9796     0.0000     0.0000     0.0000    33.3333
    0.0000     0.0000    98.9796     0.0000     0.0000     0.0000    33.3333
    0.0000     0.0000    98.9796     0.0000     0.0000     0.0000    33.3333
    0.0000     0.0000    98.9796     0.0000     0.0000     0.0000    33.3333
    0.0000     0.0000    98.9796     0.0000     0.0000     0.0000    33.3333
    0.0000     0.0000    98.9797     0.0000     0.0000     0.0000    33.3333
    0.0000     0.0000    98.9843     0.0000     0.0000     0.0000    33.3333
    0.0000     0.0000    99.0393     0.0000     0.0000     0.0000    33.3333
    0.0000     0.0000    99.2863     0.0000     0.0000     0.0000    33.3423
    0.0000     0.0000    99.6933     0.0000     0.0000     0.0000    33.6377
    0.0000     0.0000    99.9402     0.0000     0.0000     0.0000    37.2371
    0.0000     0.0000    99.9953     0.0000     0.0000     0.0000    53.3686
    0.0000     0.0000    99.9999     0.0000     0.0000     0.0000    79.9648
    0.0000     0.0000   100.0000     0.0000     0.0000     0.0000    96.0962
    0.0000     0.0000   100.0000     0.0000     0.0000     0.0000    99.6956
    0.0000     0.0000   100.0000     0.0000     0.0000     0.0000    99.9911
    0.0000     0.0000   100.0000     0.0000     0.0000     0.0000   100.0000
    0.0000     0.0000   100.0000     0.0000     0.0000     0.0000   100.0000
    0.0000     0.0000   100.0000     0.0000     0.0000     0.0000   100.0000
    0.0000     0.0000   100.0000     0.0000     0.0000     0.0000   100.0000
    0.0000     0.0000   100.0000     0.0000     0.0000     0.0000   100.0000
    0.0000     0.0000   100.0000     0.0000     0.0000     0.0000   100.0000
    0.0000     0.0000   100.0000     0.0000     0.0000     0.0000   100.0000
    0.0000     0.0000   100.0000     0.0000     0.0000     0.0000   100.0000
    0.0000     0.0000   100.0000     0.0000     0.0000     0.0000   100.0000
    0.0000     0.0000   100.0000     0.0000     0.0000     0.0000   100.0000
